%YAML:1.0
---
camera_name: camera_depth
model_type: PINHOLE
image_width: 1280
image_height: 720
projection_parameters:
   fx: 620.4612163875257
   fy: 621.8426081379
   cx: 636.7236223659
   cy: 369.20408601580
distortion_parameters:
   k1: 0.0809971329774184
   k2: -0.0354440419420512
   p1: -0.0017326054
   p2: -0.0015668776


#  k1: -0.068122320952858
#  k2: -0.0415747381023
#  k3: 0.0
#  p1: -0.001311472393993
#  p2: 0.000156905077281744