%YAML:1.0
---
camera_name: camera_depth
model_type: PINHOLE
image_width: 320
image_height: 240
projection_parameters:
   fx: 224.42937879
   fy: 224.36239606
   cx: 157.50957416
   cy: 107.46502616
distortion_parameters:
   k1: 0.00
   k2: 0.00
   p1: 0.00
   p2: 0.00
