%YAML:1.0
---
camera_name: camera_depth
model_type: PINHOLE
image_width: 320
image_height: 240
projection_parameters:
   fx: 224.77855601478
   fy: 224.69267280109
   cx: 161.870550798329
   cy: 108.803234625124
distortion_parameters:
   k1: 0.00
   k2: 0.00
   p1: 0.00
   p2: 0.00


#  k1: -0.068122320952858
#  k2: -0.0415747381023
#  k3: 0.0
#  p1: -0.001311472393993
#  p2: 0.000156905077281744