%YAML:1.0
---
camera_name: camera_rgb
model_type: PINHOLE
image_width: 320
image_height: 240
projection_parameters:
   fx: 211.8949209074338
   fy: 211.4188447321054
   cx: 163.598783831340
   cy: 120.96388561494
distortion_parameters:
   k1: 0.013925998995630
   k2: -0.0484725231387
   p1: -0.004566899359961
   p2: -0.004504258026566
