%YAML:1.0
---
camera_name: camera_rgb
model_type: PINHOLE
image_width: 320
image_height: 240
projection_parameters:
   fx: 213.13163654
   fy: 212.95086588
   cx: 155.26347159
   cy: 121.3667202
distortion_parameters:
   k1: 0.01084283
   k2: -0.0439720
   p1: 0.00000658
   p2: 0.00203486
