%YAML:1.0
---
camera_name: camera_rgb_left
model_type: PINHOLE
image_width: 640
image_height: 480
projection_parameters:
   fx: 610.4847435030348
   fy: 612.3342268988431
   cx: 292.26532115441654
   cy: 248.14973978251552
distortion_parameters:
   k1: -0.43667327630369157
   k2: 0.18443241717715578
   p1: 0.0014291983332419187
   p2: 0.0004661208444428095


#  k1: -0.068122320952858
#  k2: -0.0415747381023
#  k3: 0.0
#  p1: -0.001311472393993
#  p2: 0.000156905077281744