%YAML:1.0
---
camera_name: camera_rgb_right
model_type: PINHOLE
image_width: 640
image_height: 480
projection_parameters:
   fx: 609.987267716476
   fy: 612.3344899609631
   cx: 298.50165434768576
   cy: 242.20764878130277
distortion_parameters:
   k1: -0.44191023595963475
   k2: 0.18987747172971653
   p1: 0.0002696951545784453
   p2: 0.0025563034998456412


#  k1: -0.068122320952858
#  k2: -0.0415747381023
#  k3: 0.0
#  p1: -0.001311472393993
#  p2: 0.000156905077281744