%YAML:1.0
---
camera_name: camera_rgb_left
model_type: PINHOLE
image_width: 640
image_height: 480
projection_parameters:
   fx: 571.76321105
   fy: 567.64460257
   cx: 354.65137735
   cy: 286.02903909
distortion_parameters:
   k1: -0.0422644
   k2: 0.02044306
   p1: 0.00878842
   p2: 0.02437934


#  k1: -0.068122320952858
#  k2: -0.0415747381023
#  k3: 0.0
#  p1: -0.001311472393993
#  p2: 0.000156905077281744